pos,dist_gtp,dist_gdp
1,,37.9238283932411
5,,39.527275152734724
6,,39.30844491963527
7,,37.27386714576313
8,,35.25940555369588
9,,33.80504620615094
10,26.46674434077603,24.27126078307429
11,26.223007665025772,26.250977677031383
12,20.949379179345627,22.365139369116392
13,20.522860814223737,20.589723504700103
14,16.183310724323377,16.667095877806666
15,12.33729184221562,12.757975113629907
16,12.399668140720538,13.061580915034748
17,6.821375960904077,7.122824509981977
18,8.540656941945397,9.305771864815945
19,6.6121166051424165,6.6668554806595255
20,6.942732171126865,6.925793384154634
21,3.5524046785241095,3.8369360171887115
22,3.5541010115076945,3.4996488395266194
23,3.3381619193801795,3.5001611391477363
24,3.1496922071847013,3.324623888502273
25,2.731138956552745,2.792261807209351
26,2.9223182578220315,2.9821123385949133
27,2.6096871460004576,2.6536815935601616
28,6.387221696481186,6.414494524122693
29,7.750271737171543,7.46952809754405
30,7.084480926645223,7.041469945970091
31,7.995407494305717,7.480694620153936
32,10.945475960413965,13.391145955443845
33,11.410261259059759,14.239658247303545
34,12.400353583668496,18.47155875934676
35,12.805088871226161,14.908951438649202
36,9.770080552380312,10.358897673015214
37,3.7292263272695023,17.56245589318305
38,5.485313664686824,18.63889296605354
39,4.651345719251576,11.316178948744138
40,5.813646102060215,17.25044793621314
41,3.314266434672988,13.035801356264983
42,5.904661717660047,16.54736731326165
43,3.5776145683960987,18.835663248210825
44,2.906397942471059,19.64881011664574
45,7.769990347484357,15.850889596486374
46,8.650206066909622,13.134629762578006
47,9.791559222105537,11.580239764357215
48,7.716798882956589,9.545398734468874
49,13.50867265870337,14.550420371934276
50,9.507097033269412,9.636666487951112
51,15.430663208851174,15.690781222882045
52,14.004607134796753,13.284159213138025
53,20.917279483718715,21.14580830803117
54,16.145885698839813,15.975100782154707
55,24.62444724252709,23.535677555575067
56,23.78034587637446,24.279874876119113
57,27.051377432581873,27.625726705373747
58,28.908078421091908,30.007292397015764
59,29.057492063149564,28.977102736471082
60,24.014402615930297,26.27728302165199
61,21.718834706309643,22.842939959646177
62,19.970398919400683,20.14357326791848
63,16.59692992694734,16.863541205808467
64,16.970728475819772,17.189358161374145
65,10.448274163707618,10.563325139367809
66,12.237395311094595,12.137256938863903
67,4.719246020287566,4.827606653404977
68,6.64028809615968,5.537735367458433
69,5.012010873890838,9.441319452279965
70,3.285552160596451,6.106577928758462
71,3.947637648011785,9.451562516325012
72,10.149522008449463,3.88157970419261
73,8.468540488183306,3.9755116651822298
74,5.943292774211954,10.938072362166926
75,8.63218431221206,12.872241957017435
76,11.476652647876033,13.259671413726661
77,14.217769656313887,10.320457838681385
78,11.483001959418099,17.068701913150868
79,14.969882765072011,20.08796916066928
80,15.781738655800885,18.823567435531444
81,10.275481594553122,10.835280799314798
82,11.31502792749536,13.707039286439652
83,19.109034041520776,20.742555748991006
84,21.07309588076702,22.162588070890997
85,16.86440965465438,17.50339378520635
86,21.166982803413433,21.291018787272723
87,17.352824842082633,17.711104031087388
88,14.242507398628936,14.30536105800899
89,10.054770310653543,10.398118531734474
90,10.776506808794762,10.846429873465283
91,5.764943538318481,5.872437739133548
92,9.431793148707202,9.548371327090294
93,6.122072851575689,6.0445521753062925
94,8.257833916954251,8.445729216592264
95,6.476742391048137,7.14792900076659
96,9.924569008274366,9.825510113983901
97,15.854745567179558,15.731535049066252
98,12.184274660397309,12.265697738000883
99,8.555748360020884,8.48730328196183
100,13.708369013124798,13.684613476455956
101,15.708181721637935,15.772268448133897
102,11.432339480613752,11.888115956702313
103,11.909925440572662,11.921741651285691
104,15.28293482004803,15.308776305491385
105,13.835901596932523,15.122894068266167
106,7.053784090826704,8.938291223718322
107,16.00776305421842,16.369381998108548
108,16.607392028852686,18.460470254031996
109,13.333528752734583,14.924323803777511
110,14.028050220896697,15.085553287831381
111,18.83421453100713,19.427502206923048
112,19.80701512091108,21.03196355550285
113,17.85440847521978,19.780184301466964
114,17.87928983488997,18.88628428251571
115,24.373284021649607,24.975027407392368
116,25.548364370346686,25.421621624121464
117,17.97064712246056,18.15591190218767
118,20.77632953627757,20.90591179062716
119,15.381136108883506,15.512656413393545
120,14.410728989194132,14.830656795975017
121,12.77613298302738,12.901869748218672
122,9.915802841928642,10.169078817670744
123,9.081273644153672,9.247487280337287
124,3.090011326840082,3.1584787477518366
125,3.0730353073142544,3.121904226589916
126,6.9570300416197774,7.155911192853075
127,2.815439752507591,2.8057018729722487
128,3.5197950224409316,3.5133844082309036
129,9.802729058787662,9.879862043571256
130,8.955265322702614,10.757232404294331
131,10.976649033288796,11.159895429617608
132,12.295408045282588,12.387473390486049
133,13.507716720452802,13.66340210196567
134,14.8758758397615,15.080255866529589
135,16.689972708186197,17.126100577773094
136,20.680570446677727,21.020719421561193
137,18.41009999972841,18.7712770476598
138,13.606827734633816,14.071062397701175
139,21.62379675265193,21.857305437770684
140,17.289985482932014,17.187007243845574
141,18.392488385207695,18.8878712405607
142,22.70272576145869,22.657723142451886
143,24.99188646341048,24.789647456145886
144,20.724126254199476,20.812129468173122
145,23.844054311295295,24.040087021473113
146,16.842784152271264,16.99326395958116
147,17.681845378805917,18.152756650161972
148,12.496764781334408,12.572935178390129
149,12.042794277077062,12.527982678787513
150,10.208081014568798,10.231693896906812
151,6.37215740546324,6.593678487763864
152,3.122425019115754,3.5473951006337052
153,3.6408776414485606,3.671944852527064
154,3.4883271062215453,2.7885211134219543
155,6.345468067841802,6.137904935725223
156,8.049149147580753,8.610002380952055
157,7.9605817626603175,7.832696789739791
158,10.365404430122346,10.476791923103177
159,8.439057352572025,9.555453364440647
160,12.599626065879894,13.49833441577145
161,13.696753775986483,14.124788635586736
162,11.69167609883202,12.260049102674909
163,12.833136639185295,12.969881032607816
164,17.908533552471564,18.847056056583476
165,18.42526499131017,19.01169106102873
166,15.94239966253512,16.489465788799826
167,21.67476959508451,22.235116415256297
168,22.316321583092495,23.214011113980284
169,22.996903291530366,23.791420239237507
170,20.804022423560305,21.407039146037917
171,27.273431687266648,26.847448537989603
172,28.9981410783519,29.73336045589196
173,29.591932278916836,29.393198635058415
174,27.668745905804982,28.64608730699535
175,29.464713964333676,29.773392551068145
176,23.326502395344228,24.90137512267144
177,22.553845148887586,23.540595022216408
178,17.364656201606753,18.34751108461309
179,25.82484286496241,25.83724886670406
180,25.583039596576473,22.952230414493492
181,24.26394912210294,14.995019739900313
182,28.110891889375726,16.09137153880924
183,28.987711292890985,18.365836599512694
184,30.929242894063865,12.06190159137439
185,36.04961489392085,11.628948447731645
186,32.324445641031495,12.737051809882612
187,33.37234651624006,10.156819285583461
188,38.76224040222649,6.420649577729653
189,,5.605731798793086
190,,11.54158373014726
191,,8.3774293789921
192,,12.695452492920445
193,,14.522706044291777
194,,17.91562552633873
195,,10.967568281073067
196,,12.980669474260557
197,37.32553684811512,18.084063813203045
198,33.73138391765152,16.889932474702196
199,29.650061197238703,11.150232867523433
200,32.45450369363242,14.341785418838196
201,29.850779839059474,20.476228388060143
202,23.672695431657115,17.575509181813196
203,27.290739473308523,14.71192390545845
204,29.012407173483552,21.26309368365761
205,23.32299408309319,23.493459685623144
206,22.66685739135445,20.989028229053382
207,25.9112824460697,21.15203018624926
208,24.87016216272021,26.615207438605466
209,17.27092105245114,27.083576960955504
210,18.347484268967225,
211,17.086006350227073,
212,11.61442663242572,
213,9.812732850740412,
214,17.220718016389455,
215,15.635966007893474,
216,8.750908238577296,
218,,
219,,
