data	ICF	FCF	[S]	kintr	basS	EvapC	basA	basR	toff	kcat	Km	[E]
20201117-WT-A1-5-1-20	5110.550096	15514.9674	4.1139931	0	-0.4389557513	0	0	0	0	10.69340436	0.2728471828	0.001
20210117-WT-C1-5-1-20	5753.551637	16477.89348	5.501381045	0	-0.25029669	0	0	0	0	25.76670763	0.450496795	0.001
20210117-WT-C7-5-1-20	6028.95139	15004.68884	4.79591794	0	-0.3011232555	0	0	0	0	29.06913435	0.5666476463	0.001
20201117-F28Y-A7-5.1976-1-20	4539.315703	8436.558929	1.6886615	0	-0.2634452815	0	0	0	0	8.197885926	0.2161902299	0.001
20201117-F28Y-A9-10.395-1-20	6429.124294	10862.1727	1.8635438	0	-0.1615437217	0	0	0	0	4.536156131	0.08142009162	0.001
20201117-F28V-A3-5-1-20	4782.293838	11400.12572	2.834122	0	-0.04446415863	0	0	0	0	5.196913709	0.1527065928	0.001
20201117-F28V-A5-10-1-20	6398.950047	14827.71393	3.9892363	0	0.5381739271	0	0	0	0	3.259088023	0.005672759775	0.001
20210117-G35A-C5-5-1-20	5616.75853	15327.50593	5.07782544	0	-0.3229486345	0	0	0	0	32.39485138	0.9790145406	0.001
20210117-G35A-C11-5-1-20	5567.306187	14983.91114	4.94497248	0	-0.3134212456	0	0	0	0	30.62132834	0.8143638727	0.001
20210117-G35D-C3-5-1-20	5617.778609	16431.25065	5.596738919	0	-0.3153569665	0	0	0	0	25.56909494	0.4562358965	0.001
20210117-G35D-C9-5-1-20	5659.877756	15327.3564	5.105136676	0	-0.2530249523	0	0	0	0	28.15184796	0.558367931	0.001
20210118-F54A-E1-5-1-20	5191.994668	13977.7724	3.938159978	0	-0.1383444751	0	0	0	0	10.98141268	0.1905503289	0.001
20210118-F54A-E7-5-1-20	7311.024127	15784.87255	4.791751819	0	-0.2564924731	0	0	0	0	14.25663526	0.3055804875	0.001
20210118-F54K-E3-5-1-20	5143.105406	9007.15095	1.975917128	0	0.02727964613	0	0	0	0	10.40757783	0.2377749297	0.001
20210118-F54K-E9-5-1-20	7258.745421	11495.96551	3.047535953	0	-0.1457808643	0	0	0	0	16.62847454	0.3278639791	0.001
20210118-F54W-E5-5-1-20	5233.005228	9958.181472	2.167095778	0	-0.1549040238	0	0	0	0	11.44124334	0.4024660276	0.001
20210118-F54W-E11-5-1-20	7426.013702	14069.25785	4.107119317	0	-0.2210978138	0	0	0	0	17.85630315	0.6001156091	0.001
20210119-F159L-G1-5-1-20	5660.14836	17805.95339	4.955619233	0	-0.1425284084	0	0	0	0	7.802783767	0.1498273391	0.001
20210119-F159L-G7-5-1-20	10182.17503	20849.23743	6.352658375	0	-0.1635447049	0	0	0	0	10.42709151	0.2815034231	0.001
20210119-F159W-G3-5-1-20	4762.974464	8021.647691	0.6223908029	0	-0.0468144481	0	0	0	0	3.683311254	1.480020673	0.001
20210119-F159W-G9-5-1-20	9268.940122	13360.2967	3.091511671	0	-0.08868394	0	0	0	0	20.70612955	9.048207488	0.001
20210119-F163L-G5-5-1-20	5250.910217	15533.12343	3.965471214	0	-0.1037089021	0	0	0	0	4.546991495	0.1229145044	0.001
20210119-F163L-G11-5-1-20	9455.786684	19174.32896	5.668025873	0	-0.1193046487	0	0	0	0	6.674523515	0.2315766985	0.001
