2	0
3	0
4	1
5	0
6	0
7	0
8	2
9	0
10	0
11	0
12	18
13	17
14	10
15	0
16	6
17	0
18	6
19	3
20	1
21	0
22	6
23	7
24	1
25	0
26	0
27	0
28	0
29	0
30	0
31	0
32	0
33	0
34	3
35	0
36	0
37	0
38	0
39	0
40	0
41	0
42	0
43	0
44	0
45	0
46	0
47	0
48	0
49	0
50	0
51	0
52	0
53	0
54	0
55	0
56	1
57	0
58	3
59	3
60	2
61	18
62	0
63	2
64	0
65	0
66	0
67	0
68	7
69	0
70	0
71	0
72	0
73	1
74	0
75	0
76	0
77	1
78	0
79	1
80	0
81	1
82	0
83	4
84	2
85	1
86	0
87	0
88	0
89	0
90	0
91	0
92	1
93	0
94	0
95	0
96	0
97	0
98	0
99	0
100	0
101	0
102	0
103	0
104	0
105	0
106	0
107	0
108	0
109	0
110	0
111	0
112	0
113	0
114	0
115	0
116	6
117	16
118	1
119	13
120	3
121	0
122	0
123	0
124	0
125	0
126	0
127	1
128	0
129	0
130	0
131	0
132	0
133	0
134	0
135	0
136	1
137	0
138	1
139	0
140	0
141	0
142	0
143	0
144	3
145	14
146	14
147	6
148	1
149	0
150	0
151	0
152	8
153	0
154	0
155	2
156	10
157	2
158	0
159	0
160	0
