1	0
2	0
3	0
4	1
5	0
6	3
7	4
8	3
9	3
10	19
11	17
12	16
13	18
14	12
15	15
16	18
17	16
18	8
19	12
20	5
21	5
22	9
23	14
24	0
25	3
26	14
27	10
28	12
29	2
30	8
31	1
32	9
33	6
34	11
35	17
36	10
37	14
38	2
39	8
40	10
41	9
42	3
43	0
44	10
45	0
46	11
47	6
48	1
49	13
50	0
51	2
52	0
53	1
54	2
55	3
56	2
57	17
58	12
59	18
60	18
61	17
62	16
63	1
64	1
65	13
66	1
67	12
68	12
69	6
70	10
71	14
72	7
73	3
74	0
75	4
76	0
77	0
78	2
79	0
80	1
81	3
82	2
83	16
84	6
85	5
86	16
87	10
88	9
89	10
90	2
91	11
92	3
93	1
94	1
95	0
96	5
97	1
98	0
99	5
100	2
101	0
102	2
103	0
106	0
107	0
108	0
109	0
110	0
111	0
112	1
113	0
114	5
115	8
116	6
117	17
118	9
119	16
120	3
121	0
122	2
123	3
124	12
125	10
126	0
127	5
128	0
129	0
130	0
131	0
133	0
134	2
135	0
136	0
137	0
138	1
139	0
140	0
141	1
142	1
143	5
144	5
145	16
146	17
147	2
148	14
149	17
150	10
151	4
152	17
153	15
154	0
155	7
156	12
157	1
158	0
159	0
160	2
161	0
162	0
163	0
164	0
165	0
166	3
